Pt1,01,559035.511,3371480.122,31.145
Pt2,027,559025.277,3371365.418,31.321
pd2,,559184.084,3371541.873,26.866
pd3,,559183.452,3371533.569,26.847
pd4,,559184.075,3371524.594,26.844
pd5,,559184.704,3371515.474,26.831
pd6,,559185.337,3371506.358,26.829
pd7,,559185.987,3371497.239,26.864
pd8,,559186.733,3371486.674,26.886
pd9,,559187.904,3371469.886,26.857
pd10,,559189.537,3371446.779,26.850
pd11,,559190.162,3371441.737,26.857
pd12,,559192.833,3371432.600,26.879
pd13,,559194.361,3371429.225,26.859
pd14,,559199.280,3371421.504,26.856
pd15,,559206.414,3371414.226,26.861
pd16,,559214.585,3371408.892,26.872
pd17,,559220.695,3371406.296,26.867
pd18,,559228.950,3371404.299,26.875
pd19,,559238.017,3371403.862,26.875
pd20,,559247.812,3371405.446,26.880
pd21,,559256.766,3371408.937,26.900
pd22,,559264.147,3371413.673,26.899
pd23,,559269.232,3371418.289,26.889
pd24,,559274.099,3371424.446,26.892
pd25,,559277.707,3371430.911,26.880
pd26,,559280.209,3371437.846,26.876
pd27,,559281.443,3371444.058,26.881
pd28,,559281.830,3371449.374,26.891
pd29,,559281.665,3371453.915,26.894
pd30,,559280.349,3371472.823,26.888
pd31,,559278.964,3371492.548,26.877
pd32,,559276.927,3371521.646,26.873
pd33,,559275.761,3371538.004,26.854
pd34,,559275.164,3371542.623,26.877
pd35,,559274.222,3371546.670,26.863
pd36,,559273.122,3371550.094,26.857
pd37,,559271.795,3371553.355,26.854
pd38,,559270.963,3371555.069,26.856
pd39,,559268.487,3371559.415,26.863
pd40,,559266.336,3371562.439,26.859
pd41,,559262.676,3371566.644,26.868
pd42,,559259.099,3371569.921,26.885
pd43,,559253.453,3371573.897,26.865
pd44,,559248.222,3371576.593,26.850
pd45,,559239.891,3371579.340,26.847
pd46,,559231.913,3371580.415,26.861
pd47,,559225.453,3371580.276,26.856
pd48,,559216.513,3371578.542,26.857
pd49,,559208.005,3371575.055,26.884
pd50,,559198.910,3371568.716,26.869
pd51,,559194.828,3371564.567,26.882
pd52,,559192.487,3371561.642,26.898
pd53,,559189.539,3371557.103,26.875
pd54,,559181.520,3371560.917,26.814
pd55,,559187.043,3371551.981,26.890
pd56,,559185.200,3371546.716,26.873
pd57,,559194.092,3371537.142,26.737
JJpd58,,559195.128,3371542.042,26.761
pd58,,559196.170,3371501.668,26.765
JJpd59,,559198.789,3371489.671,26.771
pd59,,559198.593,3371467.676,26.752
pd60,,559172.265,3371450.410,31.230
pd61,,559167.604,3371525.076,31.198
pd62,,559178.093,3371525.169,26.790
pd63,,559183.366,3371451.115,26.811
pd64,,559199.274,3371457.782,26.800
pd65,,559199.976,3371447.907,26.790
pd66,,559200.460,3371443.806,26.789
JJpd67,,559202.471,3371437.282,26.740
pd67,,559202.292,3371437.175,26.763
pd68,,559203.543,3371434.439,26.746
pd69,,559205.673,3371430.593,26.814
pd70,,559209.043,3371426.225,26.811
pd71,,559212.941,3371422.470,26.807
pd72,,559219.352,3371418.187,26.810
pd73,,559227.494,3371415.202,26.812
pd74,,559238.059,3371414.360,26.811
wpd75,,559236.459,3371399.131,27.116
wpd76,,559236.480,3371398.390,27.140
wpd77,,559235.048,3371398.267,27.144
wpd78,,559235.175,3371396.411,27.157
wpd79,,559236.630,3371396.465,27.185
wpd80,,559236.691,3371395.916,27.138
wpd81,,559242.069,3371399.567,27.108
wpd82,,559242.127,3371398.815,27.108
wpd83,,559243.558,3371398.905,27.119
wpd84,,559243.791,3371397.130,27.152
wpd85,,559242.408,3371396.833,27.158
wpd86,,559242.348,3371396.317,27.118
wpd87,,559239.549,3371397.875,28.030
pd75,,559247.728,3371416.387,26.818
jjpd76,,559227.295,3371439.082,26.849
ijjpd77,,559232.551,3371439.588,26.836
ijjpd78,,559232.269,3371436.525,26.844
ijjpd79,,559240.897,3371437.092,26.864
ijjpd80,,559240.310,3371439.965,26.888
jjpd81,,559256.430,3371441.195,26.816
pd76,,559257.977,3371422.126,26.816
pd77,,559262.972,3371426.991,26.816
pd78,,559267.250,3371433.338,26.823
pd79,,559269.683,3371439.163,26.752
pd80,,559270.529,3371442.217,26.749
jjpd81,,559270.244,3371442.214,26.764
pd82,,559271.248,3371447.646,26.759
pd83,,559271.260,3371452.603,26.764
pd84,,559270.527,3371463.241,26.752
pd85,,559268.326,3371494.652,26.760
JJpd86,,559266.589,3371494.606,26.771
JJpd87,,559266.594,3371494.616,26.777
pd86,,559265.428,3371536.066,26.798
pd87,,559264.576,3371542.105,26.772
pd88,,559263.073,3371547.133,26.763
JJpd88,,559262.890,3371546.956,26.761
pd89,,559261.855,3371549.866,26.752
pd90,,559260.378,3371552.618,26.837
pd91,,559257.347,3371556.917,26.832
pd92,,559250.763,3371563.155,26.803
apd93,,559253.510,3371554.291,26.758
apd94,,559253.008,3371552.241,26.773
apd95,,559253.088,3371553.288,26.757
apd96,,559236.628,3371551.077,26.806
apd97,,559236.597,3371553.392,26.806
apd98,,559237.357,3371557.994,26.781
apd99,,559239.478,3371562.732,26.773
pd93,,559241.862,3371567.867,26.803
pd94,,559237.395,3371569.151,26.807
pd95,,559229.998,3371569.996,26.810
pd96,,559226.550,3371569.845,26.810
pd97,,559221.323,3371568.999,26.814
pd98,,559217.044,3371567.657,26.822
pd99,,559212.408,3371565.501,26.814
pd100,,559207.162,3371561.960,26.818
pd101,,559202.735,3371557.689,26.805
pd102,,559199.429,3371553.221,26.807
pd103,,559196.594,3371547.680,26.798
pd104,,559195.661,3371545.124,26.749
pd105,,559194.901,3371542.421,26.752
apd100,,559204.067,3371548.765,26.747
apd101,,559203.839,3371549.717,26.740
apd102,,559203.292,3371550.692,26.747
apd103,,559216.104,3371561.050,26.781
apd104,,559217.843,3371558.553,26.781
apd105,,559219.590,3371554.729,26.793
apd106,,559220.502,3371549.955,26.844
JJpd107,,559216.408,3371543.573,26.861
iJJpd108,,559225.167,3371544.065,26.874
iJJpd109,,559224.451,3371547.171,26.838
iJJpd110,,559233.082,3371547.753,26.877
iJJpd111,,559232.840,3371544.623,26.916
JJpd112,,559241.088,3371545.363,26.858
opd1,,559278.961,3371571.360,26.748
opd2,,559262.329,3371579.106,26.799
opd3,,559244.992,3371583.194,26.795
opd4,,559223.729,3371583.570,26.816
opd5,,559201.663,3371578.676,26.788
opd6,,559184.370,3371570.348,26.785
opd7,,559175.302,3371563.937,26.828
opd8,,559186.003,3371412.952,26.781
opd9,,559194.240,3371408.691,26.769
opd10,,559207.692,3371403.740,26.800
opd11,,559229.493,3371400.358,26.796
opd12,,559239.161,3371400.452,26.795
opd13,,559249.496,3371401.888,26.802
opd14,,559266.957,3371406.941,26.819
opd15,,559276.743,3371411.489,26.786
opd16,,559286.305,3371417.577,26.787
opd17,,559289.724,3371420.214,26.781
